1,1,122.36,333.72,133.08999999999997,58.839999999999975,1,1,1.0
1,2,734.3,266.2,71.20000000000005,38.400000000000034,1,1,1.0
1,3,208.67,250.92,94.08000000000001,40.12000000000003,1,1,1.0
2,1,98.44,336.7,136.43,61.02000000000004,1,1,1.0
2,2,720.62,267.2,71.20000000000005,39.94999999999999,1,1,1.0
2,3,209.8,251.02,92.94999999999999,40.17999999999998,1,1,1.0
3,1,73.31,341.13,142.79,61.01999999999998,1,1,1.0
3,2,706.63,269.1,73.47000000000003,40.26999999999998,1,1,1.0
3,3,210.92,251.11,91.83000000000001,40.24000000000001,1,1,1.0
4,1,48.68,344.6,145.22,62.47999999999996,1,1,1.0
4,2,693.59,271.6,75.11000000000001,40.629999999999995,1,1,1.0
4,3,212.05,251.21,90.69999999999999,40.29999999999998,1,1,1.0
5,1,22.57,347.1,146.73000000000002,63.91999999999996,1,1,1.0
5,2,679.27,273.5,75.12,41.27999999999997,1,1,1.0
5,3,213.17,251.31,89.58000000000001,40.35000000000002,1,1,1.0
6,1,0.0,352.03,146.64,63.910000000000025,1,1,1.0
6,2,664.96,274.5,78.33999999999992,42.19,1,1,1.0
6,3,214.3,251.41,88.44999999999999,40.41,1,1,1.0
7,1,0.0,354.5,122.0,67.85000000000002,1,1,1.0
7,2,650.65,277.68,78.34000000000003,42.19,1,1,1.0
7,3,213.38,251.51,89.37,40.47000000000003,1,1,1.0
8,1,0.0,357.0,101.8,70.80000000000001,1,1,1.0
8,2,636.65,279.0,78.95000000000005,43.410000000000025,1,1,1.0
8,3,212.46,251.61,90.28999999999999,40.51999999999998,1,1,1.0
9,1,0.0,361.4,77.2,60.5,1,1,1.0
9,2,621.39,280.0,80.81000000000006,44.0,1,1,1.0
9,3,211.54,251.7,91.21000000000001,40.59000000000003,1,1,1.0
10,1,0.0,364.8,53.1,58.599999999999966,1,1,1.0
10,2,604.53,282.2,83.07000000000005,45.620000000000005,1,1,1.0
10,3,210.62,251.8,92.13,40.639999999999986,1,1,1.0
11,1,0.0,373.7,28.0,55.19999999999999,1,1,1.0
11,2,590.85,283.2,82.75,46.210000000000036,1,1,1.0
11,3,209.7,251.9,93.05000000000001,40.70000000000002,1,1,1.0
12,2,574.31,286.4,84.99000000000001,46.51000000000005,1,1,1.0
12,3,209.7,251.9,93.10000000000002,40.74999999999997,1,1,1.0
13,2,559.0,287.7,86.60000000000002,42.0,1,1,1.0
13,3,209.7,251.9,93.16000000000003,40.79999999999998,1,1,1.0
14,2,543.1,290.25,86.91999999999996,47.05000000000001,1,1,1.0
14,3,209.7,251.9,93.21000000000004,40.849999999999994,1,1,1.0
15,2,527.5,292.79,88.20000000000005,48.00999999999999,1,1,1.0
15,3,209.7,251.9,93.27000000000004,40.900000000000006,1,1,1.0
16,2,509.4,294.7,91.02999999999997,49.900000000000034,1,1,1.0
16,3,209.7,251.9,93.32,40.95000000000002,1,1,1.0
17,2,493.8,298.83,92.64000000000004,48.97000000000003,1,1,1.0
17,3,209.7,251.9,93.38,40.99999999999997,1,1,1.0
18,2,474.1,299.47,94.85000000000002,50.52999999999997,1,1,1.0
18,3,209.7,251.9,93.43,41.04999999999998,1,1,1.0
19,2,458.5,301.69,95.5,52.81,1,1,1.0
19,3,209.7,251.9,93.49000000000001,41.099999999999994,1,1,1.0
20,2,441.3,303.6,94.24999999999994,53.799999999999955,1,1,1.0
20,3,209.7,251.9,93.54000000000002,41.150000000000006,1,1,1.0
21,2,423.2,306.46,99.63000000000005,54.74000000000001,1,1,1.0
21,3,209.7,251.9,93.60000000000002,41.20000000000002,1,1,1.0
22,2,406.0,309.65,101.60000000000002,55.35000000000002,1,1,1.0
22,3,209.55,251.9,93.67000000000002,41.20000000000002,1,1,1.0
23,2,386.9,312.83,104.20000000000005,55.97000000000003,1,1,1.0
23,3,209.4,251.9,93.73999999999998,41.20000000000002,1,1,1.0
24,2,368.5,317.28,104.47000000000003,56.920000000000016,1,1,1.0
24,3,209.25,251.9,93.81,41.20000000000002,1,1,1.0
25,2,349.4,319.51,107.35000000000002,57.59000000000003,1,1,1.0
25,3,209.1,251.9,93.88000000000002,41.20000000000002,1,1,1.0
26,2,328.4,324.5,110.22000000000003,57.39999999999998,1,1,1.0
26,3,208.95,251.9,93.94999999999999,41.20000000000002,1,1,1.0
27,2,308.7,326.41,112.11000000000001,59.98999999999995,1,1,1.0
27,3,208.8,251.9,94.01999999999998,41.20000000000002,1,1,1.0
28,2,287.7,330.86,114.98000000000002,59.339999999999975,1,1,1.0
28,3,208.65,251.9,94.09,41.20000000000002,1,1,1.0
29,2,265.8,334.1,118.43,59.599999999999966,1,1,1.0
29,3,208.5,251.9,94.16000000000003,41.20000000000002,1,1,1.0
30,2,246.4,336.96,118.74999999999997,62.44,1,1,1.0
30,3,208.35,251.9,94.22999999999999,41.20000000000002,1,1,1.0
31,2,223.5,339.51,122.24000000000001,65.29000000000002,1,1,1.0
31,3,208.2,251.9,94.30000000000001,41.20000000000002,1,1,1.0
32,2,200.2,344.28,126.46000000000004,65.62,1,1,1.0
32,3,208.2,251.9,94.30000000000001,41.150000000000006,1,1,1.0
33,2,176.7,348.1,127.69999999999999,66.59999999999997,1,1,1.0
33,3,208.2,251.9,94.30000000000001,41.099999999999994,1,1,1.0
34,2,150.9,351.91,136.64000000000001,66.88999999999999,1,1,1.0
34,3,208.2,251.9,94.30000000000001,41.04999999999998,1,1,1.0
35,2,125.8,356.68,136.61,67.51999999999998,1,1,1.0
35,3,208.2,251.9,94.30000000000001,40.99999999999997,1,1,1.0
36,2,102.9,361.46,139.47,69.74000000000001,1,1,1.0
36,3,208.2,251.9,94.30000000000001,40.95000000000002,1,1,1.0
37,2,73.3,365.59,144.89999999999998,72.01000000000005,1,1,1.0
37,3,208.2,251.9,94.30000000000001,40.900000000000006,1,1,1.0
38,2,46.6,370.04,151.24,72.35999999999996,1,1,1.0
38,3,208.2,251.9,94.30000000000001,40.849999999999994,1,1,1.0
39,2,17.7,375.13,155.33,73.67000000000002,1,1,1.0
39,3,208.2,251.9,94.30000000000001,40.79999999999998,1,1,1.0
40,2,0.0,377.99,149.82,77.20999999999998,1,1,1.0
40,3,208.2,251.9,94.30000000000001,40.74999999999997,1,1,1.0
41,2,0.0,382.13,125.3,79.07,1,1,1.0
41,3,208.2,251.9,94.30000000000001,40.70000000000002,1,1,1.0
42,2,0.0,384.7,99.5,83.80000000000001,1,1,1.0
42,3,208.2,251.98,94.32,40.71000000000001,1,1,1.0
43,2,0.0,387.9,77.6,69.80000000000001,1,1,1.0
43,3,208.2,252.05,94.32999999999998,40.72999999999996,1,1,1.0
44,2,0.0,394.6,47.7,69.09999999999997,1,1,1.0
44,3,208.2,252.13,94.35000000000002,40.74000000000001,1,1,1.0
45,2,0.0,410.8,23.8,57.69999999999999,1,1,1.0
45,3,208.2,252.2,94.36000000000001,40.75999999999999,1,1,1.0
46,3,208.2,252.28,94.38,40.77000000000001,1,1,1.0
47,3,208.2,252.35,94.38999999999999,40.78999999999999,1,1,1.0
48,3,208.2,252.43,94.41000000000003,40.80000000000001,1,1,1.0
49,3,208.2,252.5,94.42000000000002,40.81999999999999,1,1,1.0
50,3,208.2,252.58,94.44,40.83000000000001,1,1,1.0
51,3,208.2,252.65,94.44999999999999,40.849999999999994,1,1,1.0
52,3,208.2,252.73,94.47000000000003,40.859999999999985,1,1,1.0
53,4,946.38,226.42,13.620000000000005,58.21000000000001,1,1,1.0
53,3,208.2,252.8,94.48000000000002,40.879999999999995,1,1,1.0
54,4,937.6,226.42,22.399999999999977,58.880000000000024,1,1,1.0
54,3,208.2,252.88,94.5,40.889999999999986,1,1,1.0
55,4,936.9,226.42,23.100000000000023,59.880000000000024,1,1,1.0
55,3,208.2,252.95,94.50999999999999,40.910000000000025,1,1,1.0
56,4,933.1,226.42,26.899999999999977,60.58000000000001,1,1,1.0
56,3,208.2,253.03,94.53000000000003,40.91999999999999,1,1,1.0
57,4,923.8,226.42,36.200000000000045,64.18000000000004,1,1,1.0
57,3,208.2,253.1,94.54000000000002,40.940000000000026,1,1,1.0
58,4,918.6,225.5,41.39999999999998,66.80000000000001,1,1,1.0
58,3,208.2,253.18,94.56,40.94999999999999,1,1,1.0
59,4,912.2,225.5,47.799999999999955,68.69999999999999,1,1,1.0
59,3,208.2,253.25,94.57,40.97000000000003,1,1,1.0
60,4,907.9,225.5,52.10000000000002,70.39999999999998,1,1,1.0
60,3,208.2,253.33,94.59000000000003,40.97999999999999,1,1,1.0
61,4,902.9,225.3,57.10000000000002,71.30000000000001,1,1,1.0
61,3,208.2,253.4,94.60000000000002,40.99999999999997,1,1,1.0
62,4,897.4,225.3,62.60000000000002,73.19999999999999,1,1,1.0
62,3,208.2,253.4,94.60000000000002,41.20000000000002,1,1,1.0
63,4,891.0,225.3,69.0,73.89999999999998,1,1,1.0
63,3,208.2,253.4,94.60000000000002,41.400000000000006,1,1,1.0
64,4,888.6,225.3,71.39999999999998,74.89999999999998,1,1,1.0
64,3,208.2,253.4,94.60000000000002,41.599999999999994,1,1,1.0
65,4,880.0,225.8,80.0,76.80000000000001,1,1,1.0
65,3,208.2,253.4,94.60000000000002,41.79999999999998,1,1,1.0
66,4,874.1,225.8,85.89999999999998,78.19999999999999,1,1,1.0
66,3,208.2,253.4,94.60000000000002,41.99999999999997,1,1,1.0
67,4,867.4,225.8,92.60000000000002,79.39999999999998,1,1,1.0
67,3,208.2,253.4,94.60000000000002,42.20000000000002,1,1,1.0
68,4,866.7,225.8,93.29999999999995,82.0,1,1,1.0
68,3,208.2,253.4,94.60000000000002,42.400000000000006,1,1,1.0
69,4,860.8,225.8,99.20000000000005,83.0,1,1,1.0
69,3,208.2,253.4,94.60000000000002,42.599999999999994,1,1,1.0
70,4,854.9,225.8,105.10000000000002,84.89999999999998,1,1,1.0
70,3,208.2,253.4,94.60000000000002,42.79999999999998,1,1,1.0
71,4,848.0,227.0,112.0,85.60000000000002,1,1,1.0
71,3,208.2,253.4,94.60000000000002,42.99999999999997,1,1,1.0
72,4,841.1,227.6,118.89999999999998,85.50000000000003,1,1,1.0
72,3,208.2,253.4,94.5,42.99999999999997,1,1,1.0
73,4,833.7,228.5,126.29999999999995,85.60000000000002,1,1,1.0
73,3,208.2,253.4,94.40000000000003,42.99999999999997,1,1,1.0
74,4,826.8,228.5,133.20000000000005,89.10000000000002,1,1,1.0
74,3,208.2,253.4,94.30000000000001,42.99999999999997,1,1,1.0
75,4,819.2,229.9,140.79999999999995,89.4,1,1,1.0
75,3,208.2,253.4,94.19999999999999,42.99999999999997,1,1,1.0
76,4,811.1,231.7,148.89999999999998,89.69999999999999,1,1,1.0
76,3,208.2,253.4,94.10000000000002,42.99999999999997,1,1,1.0
77,4,804.0,232.0,156.0,91.10000000000002,1,1,1.0
77,3,208.2,253.4,94.0,42.99999999999997,1,1,1.0
78,4,795.2,234.4,164.19999999999993,90.4,1,1,1.0
78,3,208.2,253.4,93.90000000000003,42.99999999999997,1,1,1.0
79,4,787.8,235.0,165.70000000000005,91.89999999999998,1,1,1.0
79,3,208.2,253.4,93.80000000000001,42.99999999999997,1,1,1.0
80,4,778.6,235.59,169.87,94.01000000000002,1,1,1.0
80,3,208.2,253.4,93.69999999999999,42.99999999999997,1,1,1.0
81,4,770.3,237.07,172.85000000000002,94.32999999999998,1,1,1.0
81,5,751.2,260.62,25.409999999999968,28.339999999999975,1,1,1.0
81,3,208.2,253.4,93.60000000000002,42.99999999999997,1,1,1.0
82,4,762.3,237.96,175.5300000000001,95.53999999999999,1,1,1.0
82,5,740.3,260.62,27.90000000000009,29.379999999999995,1,1,1.0
82,3,208.2,253.4,93.60000000000002,42.91999999999999,1,1,1.0
83,4,752.5,238.25,179.71000000000004,96.75,1,1,1.0
83,5,730.85,261.04,27.899999999999977,30.159999999999968,1,1,1.0
83,3,208.2,253.4,93.60000000000002,42.84,1,1,1.0
84,4,743.9,239.73,180.62,97.97,1,1,1.0
84,5,719.97,262.68,30.329999999999927,30.159999999999968,1,1,1.0
84,3,208.2,253.4,93.60000000000002,42.76000000000002,1,1,1.0
85,4,734.7,240.62,183.90999999999997,98.88,1,1,1.0
85,5,708.88,263.09,30.32000000000005,30.160000000000025,1,1,1.0
85,3,208.2,253.4,93.60000000000002,42.67999999999998,1,1,1.0
86,4,725.2,240.62,188.64,101.38,1,1,1.0
86,5,698.82,263.09,33.27999999999997,30.160000000000025,1,1,1.0
86,3,208.2,253.4,93.60000000000002,42.599999999999994,1,1,1.0
87,4,716.3,242.21,191.17000000000007,102.28999999999999,1,1,1.0
87,5,688.1,263.09,35.19999999999993,30.160000000000025,1,1,1.0
87,3,208.2,253.4,93.60000000000002,42.52000000000001,1,1,1.0
88,4,707.1,242.53,193.68999999999994,103.86999999999998,1,1,1.0
88,5,675.16,264.11,36.639999999999986,30.99000000000001,1,1,1.0
88,3,208.2,253.4,93.60000000000002,42.43999999999997,1,1,1.0
89,4,696.3,243.16,196.9000000000001,105.73999999999998,1,1,1.0
89,5,664.28,265.14,36.639999999999986,30.99000000000001,1,1,1.0
89,3,208.2,253.4,93.60000000000002,42.359999999999985,1,1,1.0
90,4,685.18,245.07,201.34000000000003,106.32999999999998,1,1,1.0
90,5,651.96,265.14,38.24000000000001,31.75999999999999,1,1,1.0
90,3,208.2,253.4,93.60000000000002,42.28,1,1,1.0
91,4,674.0,246.03,206.79999999999995,107.57000000000002,1,1,1.0
91,5,641.48,265.96,38.25,33.24000000000001,1,1,1.0
91,3,208.2,253.4,93.60000000000002,42.20000000000002,1,1,1.0
92,4,664.8,247.62,208.04000000000008,108.88,1,1,1.0
92,5,626.9,265.96,66.60000000000002,33.24000000000001,1,1,1.0
92,3,208.15,253.4,93.28999999999999,42.20000000000002,1,1,1.0
93,4,654.0,248.57,211.21000000000004,110.43,1,1,1.0
93,5,616.64,266.37,66.59000000000003,33.24000000000001,1,1,1.0
93,3,208.1,253.4,92.97999999999999,42.20000000000002,1,1,1.0
94,4,643.5,249.53,214.39,112.66999999999999,1,1,1.0
94,5,603.91,266.58,66.59000000000003,33.24000000000001,1,1,1.0
94,3,208.05,253.4,92.67000000000002,42.20000000000002,1,1,1.0
95,4,632.4,250.16,218.18000000000006,113.94000000000003,1,1,1.0
95,5,591.79,266.99,72.11000000000001,33.24000000000001,1,1,1.0
95,3,208.0,253.4,92.36000000000001,42.20000000000002,1,1,1.0
96,4,621.3,250.8,221.6500000000001,117.09999999999997,1,1,1.0
96,5,578.65,268.22,78.85000000000002,33.23999999999995,1,1,1.0
96,3,207.95,253.4,92.05000000000001,42.20000000000002,1,1,1.0
97,4,610.5,251.12,223.86,120.27999999999997,1,1,1.0
97,5,564.89,269.04,78.85000000000002,33.23999999999995,1,1,1.0
97,6,780.39,248.54,64.20000000000005,28.870000000000033,1,1,1.0
97,3,207.9,253.4,91.73999999999998,42.20000000000002,1,1,1.0
98,4,597.8,252.39,228.29000000000008,122.21000000000004,1,1,1.0
98,5,552.78,269.87,84.82000000000005,33.23000000000002,1,1,1.0
98,6,768.38,249.82,64.20000000000005,28.870000000000005,1,1,1.0
98,3,207.85,253.4,91.42999999999998,42.20000000000002,1,1,1.0
99,4,585.4,253.98,234.01,123.12000000000003,1,1,1.0
99,5,543.95,270.48,84.81999999999994,33.24000000000001,1,1,1.0
99,6,763.01,250.58,64.20000000000005,28.879999999999967,1,1,1.0
99,3,207.8,253.4,91.12,42.20000000000002,1,1,1.0
100,4,571.7,255.25,240.07999999999993,125.35000000000002,1,1,1.0
100,5,526.29,271.71,90.61000000000001,33.24000000000001,1,1,1.0
100,6,752.02,251.61,64.20000000000005,28.870000000000005,1,1,1.0
100,3,207.75,253.4,90.81,42.20000000000002,1,1,1.0
101,4,558.0,257.16,244.87,126.94,1,1,1.0
101,5,510.89,270.69,90.61000000000001,33.23000000000002,1,1,1.0
101,6,739.76,252.37,64.19000000000005,28.879999999999995,1,1,1.0
101,3,207.7,253.4,90.5,42.20000000000002,1,1,1.0
102,4,546.5,259.38,247.77999999999997,126.62,1,1,1.0
102,5,498.36,271.92,95.93999999999994,33.24000000000001,1,1,1.0
102,6,730.56,252.88,64.19000000000005,18.920000000000016,1,1,1.0
102,3,207.7,253.4,92.60000000000002,42.20000000000002,1,1,1.0
103,4,533.1,260.02,253.23000000000002,130.48000000000002,1,1,1.0
103,5,484.81,271.51,97.19999999999999,35.29000000000002,1,1,1.0
103,6,721.35,252.63,64.19999999999993,18.920000000000016,1,1,1.0
103,3,207.7,253.4,94.69999999999999,42.20000000000002,1,1,1.0
104,4,520.7,261.93,257.03999999999996,131.07,1,1,1.0
104,5,471.66,272.95,99.04000000000002,35.29000000000002,1,1,1.0
104,6,706.5,252.63,70.89999999999998,18.870000000000005,1,1,1.0
104,3,207.7,253.4,94.71000000000004,42.20000000000002,1,1,1.0
105,4,505.4,263.52,262.48,133.98000000000002,1,1,1.0
105,5,457.08,272.74,100.92000000000002,36.56,1,1,1.0
105,6,695.0,253.65,70.89999999999998,17.849999999999994,1,1,1.0
105,3,207.7,253.4,94.73000000000002,42.20000000000002,1,1,1.0
106,4,489.5,265.11,268.84000000000003,134.89,1,1,1.0
106,5,442.5,273.77,92.70000000000005,36.56,1,1,1.0
106,6,682.7,254.93,72.46999999999991,17.849999999999966,1,1,1.0
106,3,207.7,253.4,94.74000000000001,42.20000000000002,1,1,1.0
107,4,476.8,266.7,274.54,137.40000000000003,1,1,1.0
107,5,429.98,274.38,98.41999999999996,36.56,1,1,1.0
107,6,669.7,254.93,74.21999999999991,17.569999999999993,1,1,1.0
107,7,941.54,214.42,18.460000000000036,52.74000000000004,1,1,1.0
107,3,207.7,253.4,94.75,42.20000000000002,1,1,1.0
108,4,460.6,268.61,278.65999999999997,141.19,1,1,1.0
108,5,415.4,274.79,103.30000000000007,36.56,1,1,1.0
108,6,656.2,255.95,77.24000000000001,17.350000000000023,1,1,1.0
108,7,937.3,214.42,22.700000000000045,52.74000000000004,1,1,1.0
108,3,207.7,253.4,94.75999999999999,42.20000000000002,1,1,1.0
109,4,444.7,269.56,286.92,142.74,1,1,1.0
109,5,400.61,275.0,106.38999999999999,38.0,1,1,1.0
109,6,640.4,256.46,81.54000000000008,17.350000000000023,1,1,1.0
109,7,934.0,214.42,26.0,52.74000000000004,1,1,1.0
109,3,207.7,253.4,94.78000000000003,42.20000000000002,1,1,1.0
110,4,427.5,271.15,292.99,145.65000000000003,1,1,1.0
110,5,386.65,275.21,106.39000000000004,38.99000000000001,1,1,1.0
110,6,629.41,257.23,81.54000000000008,17.349999999999966,1,1,1.0
110,7,926.6,214.42,33.39999999999998,54.47999999999999,1,1,1.0
110,3,207.7,253.4,94.79000000000002,42.20000000000002,1,1,1.0
111,4,411.3,273.13,299.69,150.37,1,1,1.0
111,5,372.89,275.82,106.38999999999999,39.0,1,1,1.0
111,6,608.2,257.23,94.06999999999994,20.379999999999995,1,1,1.0
111,7,922.8,214.42,37.200000000000045,55.47999999999999,1,1,1.0
111,3,207.7,253.4,94.80000000000001,42.20000000000002,1,1,1.0
112,4,395.5,274.71,306.78,153.59000000000003,1,1,1.0
112,5,358.11,277.1,108.88999999999999,39.56,1,1,1.0
112,6,594.14,258.2,95.86000000000001,21.19999999999999,1,1,1.0
112,7,918.5,214.42,41.5,55.47999999999999,1,1,1.0
112,3,207.73,253.4,94.77000000000001,42.04999999999998,1,1,1.0
113,4,377.3,277.88,313.10999999999996,156.32,1,1,1.0
113,5,342.91,278.54,108.88999999999999,38.35999999999996,1,1,1.0
113,6,582.64,258.46,95.86000000000001,21.200000000000045,1,1,1.0
113,7,913.5,214.42,46.5,55.47999999999999,1,1,1.0
113,3,207.76,253.4,94.74000000000001,41.900000000000006,1,1,1.0
114,4,359.9,279.07,319.82000000000005,158.73000000000002,1,1,1.0
114,5,328.95,279.36,110.75,38.539999999999964,1,1,1.0
114,6,566.79,258.46,98.42000000000007,24.340000000000032,1,1,1.0
114,7,910.2,214.42,49.799999999999955,55.680000000000035,1,1,1.0
114,3,207.79,253.4,94.71000000000001,41.74999999999997,1,1,1.0
115,4,340.5,279.86,326.95000000000005,162.74,1,1,1.0
115,5,314.6,279.77,110.92999999999995,39.53000000000003,1,1,1.0
115,6,554.27,258.97,98.42000000000007,24.339999999999975,1,1,1.0
115,7,906.2,214.9,53.799999999999955,56.900000000000006,1,1,1.0
115,3,207.82,253.4,94.68,41.599999999999994,1,1,1.0
116,4,320.3,281.84,336.06,166.66000000000003,1,1,1.0
116,5,299.2,280.39,110.93,39.53000000000003,1,1,1.0
116,6,550.4,259.22,89.75999999999999,24.349999999999966,1,1,1.0
116,7,900.5,214.9,59.5,57.400000000000006,1,1,1.0
116,3,207.85,253.4,94.65,41.45000000000002,1,1,1.0
117,4,302.5,283.03,343.16999999999996,170.27000000000004,1,1,1.0
117,5,284.2,281.21,110.94,39.49000000000001,1,1,1.0
117,6,523.8,260.25,102.31000000000006,31.75,1,1,1.0
117,7,895.5,214.9,64.5,57.400000000000006,1,1,1.0
117,3,207.88,253.4,94.62,41.29999999999998,1,1,1.0
118,4,281.1,285.4,353.49,172.3,1,1,1.0
118,5,268.36,283.0,110.94,39.49000000000001,1,1,1.0
118,6,509.5,261.52,103.32000000000005,31.75999999999999,1,1,1.0
118,7,889.8,214.9,70.20000000000005,57.400000000000006,1,1,1.0
118,3,207.91,253.4,94.59,41.150000000000006,1,1,1.0
119,4,260.9,288.57,361.81000000000006,176.63,1,1,1.0
119,5,252.25,283.76,114.75,41.04000000000002,1,1,1.0
119,6,493.7,262.8,106.08999999999997,31.75999999999999,1,1,1.0
119,7,883.6,214.9,76.39999999999998,58.599999999999994,1,1,1.0
119,3,207.94,253.4,94.56,40.99999999999997,1,1,1.0
120,4,239.1,290.55,371.74,178.64999999999998,1,1,1.0
120,5,235.9,286.06,116.79999999999998,40.54000000000002,1,1,1.0
120,6,479.6,263.31,107.40999999999997,31.75999999999999,1,1,1.0
120,7,879.3,214.9,74.0,59.099999999999994,1,1,1.0
120,3,207.97,253.4,94.53,40.849999999999994,1,1,1.0
121,4,218.1,291.34,380.47,184.96000000000004,1,1,1.0
121,5,220.57,286.58,116.80000000000001,40.53000000000003,1,1,1.0
121,6,464.3,264.59,109.67000000000002,36.110000000000014,1,1,1.0
121,7,873.29,215.4,75.23000000000002,59.49999999999997,1,1,1.0
121,3,208.0,253.4,94.5,40.70000000000002,1,1,1.0
122,4,192.3,293.74,392.46,190.36,1,1,1.0
122,5,202.68,287.1,117.82,42.06,1,1,1.0
122,6,450.5,265.36,110.70000000000005,36.839999999999975,1,1,1.0
122,7,867.28,215.9,76.47000000000003,59.900000000000006,1,1,1.0
122,3,208.0,253.4,94.5,40.87999999999997,1,1,1.0
123,4,169.5,296.74,400.26,192.76,1,1,1.0
123,5,186.83,287.87,117.83000000000001,43.329999999999984,1,1,1.0
123,6,435.93,266.12,101.77000000000004,38.879999999999995,1,1,1.0
123,7,861.27,216.4,77.70000000000005,60.29999999999998,1,1,1.0
123,3,208.0,253.4,94.5,41.059999999999974,1,1,1.0
124,4,146.1,299.75,411.65,195.14999999999998,1,1,1.0
124,5,169.45,289.4,119.65000000000003,44.10000000000002,1,1,1.0
124,6,421.6,266.12,108.42999999999995,40.879999999999995,1,1,1.0
124,7,855.26,216.9,78.94000000000005,60.70000000000002,1,1,1.0
124,3,208.0,253.4,94.5,41.23999999999998,1,1,1.0
125,4,119.1,301.55,424.25,203.55,1,1,1.0
125,5,151.82,289.7,121.68,43.80000000000001,1,1,1.0
125,6,406.8,266.63,113.00999999999993,43.670000000000016,1,1,1.0
125,7,849.25,217.4,80.16999999999996,61.099999999999994,1,1,1.0
125,3,208.0,253.4,94.5,41.41999999999999,1,1,1.0
126,4,91.5,305.15,438.03999999999996,208.35000000000002,1,1,1.0
126,5,134.44,290.98,121.68,43.799999999999955,1,1,1.0
126,6,391.0,266.63,114.5,44.170000000000016,1,1,1.0
126,7,843.24,217.9,81.40999999999997,61.49999999999997,1,1,1.0
126,3,208.0,253.4,94.5,41.599999999999994,1,1,1.0
127,4,66.9,306.95,450.0400000000001,212.55,1,1,1.0
127,5,116.55,292.26,123.45,43.80000000000001,1,1,1.0
127,6,376.9,268.17,115.31,44.629999999999995,1,1,1.0
127,7,837.23,218.4,82.63999999999999,61.900000000000006,1,1,1.0
127,3,208.0,253.4,94.5,41.78,1,1,1.0
128,4,38.7,309.35,462.63,220.94999999999993,1,1,1.0
128,5,98.41,294.81,125.49000000000001,44.79000000000002,1,1,1.0
128,6,362.8,269.19,115.86000000000001,45.110000000000014,1,1,1.0
128,7,831.22,218.9,83.88,62.29999999999998,1,1,1.0
128,3,208.0,253.4,94.5,41.96000000000001,1,1,1.0
129,4,5.1,310.55,480.63,226.34999999999997,1,1,1.0
129,5,79.75,295.1,128.35,46.799999999999955,1,1,1.0
129,6,347.5,270.21,117.11000000000001,45.59000000000003,1,1,1.0
129,7,825.21,219.4,85.11000000000001,62.70000000000002,1,1,1.0
129,3,208.0,253.4,94.5,42.140000000000015,1,1,1.0
130,4,0.0,314.2,470.1,225.8,1,1,1.0
130,5,61.61,295.9,128.08999999999997,47.02000000000004,1,1,1.0
130,6,332.7,270.21,118.36000000000001,47.09000000000003,1,1,1.0
130,7,819.2,219.9,86.33999999999992,63.099999999999994,1,1,1.0
130,3,208.0,253.4,94.5,42.32000000000002,1,1,1.0
131,4,0.0,316.6,456.3,223.39999999999998,1,1,1.0
131,5,40.39,297.4,133.51,47.82000000000005,1,1,1.0
131,6,317.4,272.51,120.63,48.389999999999986,1,1,1.0
131,7,812.29,220.33,87.5,63.37999999999997,1,1,1.0
131,3,208.0,253.4,94.5,42.49999999999997,1,1,1.0
132,4,0.0,319.6,437.7,220.39999999999998,1,1,1.0
132,5,23.53,297.9,130.47,49.620000000000005,1,1,1.0
132,6,301.3,273.02,122.15999999999997,49.879999999999995,1,1,1.0
132,7,805.38,220.76,88.65999999999997,63.660000000000025,1,1,1.0
132,3,208.1,253.4,94.4,42.400000000000006,1,1,1.0
133,4,0.0,323.2,421.5,216.8,1,1,1.0
133,5,4.36,300.5,133.23999999999998,48.81,1,1,1.0
133,6,285.97,274.05,122.15999999999997,49.870000000000005,1,1,1.0
133,7,798.47,221.18,89.82999999999993,63.94999999999999,1,1,1.0
133,3,208.2,253.4,94.30000000000001,42.29999999999998,1,1,1.0
134,4,0.0,326.2,404.7,213.8,1,1,1.0
134,5,0.0,303.1,118.7,48.50999999999999,1,1,1.0
134,6,270.1,274.3,123.45999999999998,50.599999999999966,1,1,1.0
134,7,791.56,221.61,90.99000000000001,64.22999999999996,1,1,1.0
134,3,208.3,253.4,94.19999999999999,42.20000000000002,1,1,1.0
135,4,0.0,329.8,386.7,210.2,1,1,1.0
135,5,0.0,303.9,99.8,49.200000000000045,1,1,1.0
135,6,253.0,275.33,124.72000000000003,52.370000000000005,1,1,1.0
135,7,784.65,222.04,92.14999999999998,64.51000000000002,1,1,1.0
135,3,208.45,253.4,94.05000000000001,42.099999999999994,1,1,1.0
136,4,0.0,332.8,369.9,207.2,1,1,1.0
136,5,0.0,305.4,81.4,47.700000000000045,1,1,1.0
136,6,236.9,276.6,124.72,52.379999999999995,1,1,1.0
136,7,777.74,222.47,93.30999999999995,64.78999999999999,1,1,1.0
136,3,208.6,253.4,93.9,41.99999999999997,1,1,1.0
137,4,0.0,335.8,350.7,204.2,1,1,1.0
137,5,0.0,307.7,64.5,45.400000000000034,1,1,1.0
137,6,221.6,276.86,125.70000000000002,52.639999999999986,1,1,1.0
137,7,770.83,222.89,94.46999999999991,65.08000000000004,1,1,1.0
137,3,208.2,253.4,94.30000000000001,41.900000000000006,1,1,1.0
138,4,0.0,338.2,331.5,201.8,1,1,1.0
138,5,0.0,310.0,45.8,43.10000000000002,1,1,1.0
138,6,206.01,277.88,125.69999999999999,52.639999999999986,1,1,1.0
138,7,763.92,223.32,95.63,65.36000000000001,1,1,1.0
138,8,709.75,504.39,132.74,35.610000000000014,1,1,1.0
138,3,208.4,253.4,94.1,39.49999999999997,1,1,1.0
139,4,0.0,343.6,310.5,196.39999999999998,1,1,1.0
139,5,0.0,315.6,26.6,40.099999999999966,1,1,1.0
139,6,188.38,279.16,125.69999999999999,52.639999999999986,1,1,1.0
139,7,757.01,223.75,96.78999999999996,65.63999999999999,1,1,1.0
139,8,709.75,497.4,143.64999999999998,42.60000000000002,1,1,1.0
139,3,207.9,253.4,94.6,38.900000000000006,1,1,1.0
140,4,0.0,347.2,291.9,192.8,1,1,1.0
140,5,0.0,321.5,8.7,28.30000000000001,1,1,1.0
140,6,170.7,279.67,129.07,55.43000000000001,1,1,1.0
140,7,750.1,224.18,97.94999999999993,65.92000000000002,1,1,1.0
140,8,721.5,491.2,142.10000000000002,48.80000000000001,1,1,1.0
140,3,210.5,253.4,92.0,35.599999999999994,1,1,1.0
141,4,0.0,350.8,269.7,189.2,1,1,1.0
141,6,154.09,280.69,129.07000000000002,55.43000000000001,1,1,1.0
141,7,741.94,224.54,98.92999999999995,66.25000000000003,1,1,1.0
141,8,730.9,485.7,140.5,54.30000000000001,1,1,1.0
141,3,216.9,253.4,85.6,41.49999999999997,1,1,1.0
142,4,0.0,353.8,248.1,186.2,1,1,1.0
142,6,135.7,282.48,134.68,55.21999999999997,1,1,1.0
142,7,733.78,224.89,99.92000000000007,66.59000000000003,1,1,1.0
142,8,742.6,479.5,135.79999999999995,60.5,1,1,1.0
142,3,216.01,253.4,86.49000000000001,43.20000000000002,1,1,1.0
143,4,0.0,358.6,224.7,181.39999999999998,1,1,1.0
143,6,117.55,284.27,134.68,55.22000000000003,1,1,1.0
143,7,725.62,225.25,100.89999999999998,66.92000000000002,1,1,1.0
143,8,754.3,476.4,130.30000000000007,63.60000000000002,1,1,1.0
143,3,213.6,253.4,88.9,43.17999999999998,1,1,1.0
144,4,0.0,363.4,202.5,176.60000000000002,1,1,1.0
144,6,100.7,284.78,135.94,56.72000000000003,1,1,1.0
144,7,717.46,225.61,101.88999999999999,67.25,1,1,1.0
144,8,765.2,472.5,131.0999999999999,67.5,1,1,1.0
144,3,211.1,253.4,91.4,43.16,1,1,1.0
145,4,0.0,368.2,179.1,171.8,1,1,1.0
145,6,83.07,286.06,135.94,56.71999999999997,1,1,1.0
145,7,709.3,225.96,102.87,67.59,1,1,1.0
145,8,775.4,466.3,125.60000000000002,73.69999999999999,1,1,1.0
145,3,209.1,253.4,93.4,43.12999999999997,1,1,1.0
146,4,0.0,374.2,155.1,165.8,1,1,1.0
146,6,64.7,287.08,138.71999999999997,56.72000000000003,1,1,1.0
146,7,701.14,226.32,103.86000000000001,67.92000000000002,1,1,1.0
146,8,785.6,460.1,124.0,79.89999999999998,1,1,1.0
146,3,208.92,253.4,93.58000000000001,43.109999999999985,1,1,1.0
147,4,0.0,379.0,127.5,161.0,1,1,1.0
147,6,46.0,287.85,140.55,59.049999999999955,1,1,1.0
147,7,692.98,226.68,104.84000000000003,68.25,1,1,1.0
147,8,795.7,455.4,119.39999999999998,84.60000000000002,1,1,1.0
147,3,208.73,253.4,93.77000000000001,43.09,1,1,1.0
148,4,0.0,381.4,101.1,158.60000000000002,1,1,1.0
148,6,28.9,288.61,141.81,60.089999999999975,1,1,1.0
148,7,684.82,227.04,105.82999999999993,68.58000000000001,1,1,1.0
148,8,805.1,453.1,117.79999999999995,86.89999999999998,1,1,1.0
148,3,208.55,253.4,93.94999999999999,43.07000000000002,1,1,1.0
149,4,0.0,384.4,75.3,155.60000000000002,1,1,1.0
149,6,13.6,289.89,142.29,60.610000000000014,1,1,1.0
149,7,676.66,227.39,106.81000000000006,68.92000000000002,1,1,1.0
149,8,812.83,448.88,120.06999999999994,85.73000000000002,1,1,1.0
149,3,208.37,253.4,94.13,43.03999999999999,1,1,1.0
150,4,0.0,395.8,48.3,144.2,1,1,1.0
150,6,0.0,291.94,139.28,60.60000000000002,1,1,1.0
150,7,668.5,227.75,107.79999999999995,69.25,1,1,1.0
150,8,820.56,444.66,118.44000000000005,84.56,1,1,1.0
150,3,208.18,253.4,94.32,43.02000000000001,1,1,1.0
151,4,0.0,407.2,17.7,132.8,1,1,1.0
151,6,0.0,291.94,119.3,61.860000000000014,1,1,1.0
151,7,658.91,228.22,108.87,69.47,1,1,1.0
151,8,828.29,440.44,115.61000000000001,83.40000000000003,1,1,1.0
151,3,208.0,253.4,94.5,42.99999999999997,1,1,1.0
152,6,0.0,293.5,101.4,61.80000000000001,1,1,1.0
152,7,649.32,228.69,109.93999999999994,69.69,1,1,1.0
152,8,836.02,436.22,112.77999999999997,82.23000000000002,1,1,1.0
152,3,208.0,253.4,94.5,43.150000000000006,1,1,1.0
153,6,0.0,296.1,85.6,57.69999999999999,1,1,1.0
153,7,639.73,229.15,111.0,69.91999999999999,1,1,1.0
153,8,843.75,432.0,111.04999999999995,81.05999999999995,1,1,1.0
153,3,208.0,253.4,94.5,43.29999999999998,1,1,1.0
154,6,0.0,297.9,66.9,55.10000000000002,1,1,1.0
154,7,630.14,229.62,112.07000000000005,70.13999999999999,1,1,1.0
154,8,851.48,427.78,108.51999999999998,79.89000000000004,1,1,1.0
154,3,208.0,253.4,94.5,43.45000000000002,1,1,1.0
155,6,0.0,300.2,48.8,53.80000000000001,1,1,1.0
155,7,620.55,230.09,113.1400000000001,70.35999999999999,1,1,1.0
155,8,861.5,423.56,98.5,78.73000000000002,1,1,1.0
155,3,208.0,253.4,94.5,43.599999999999994,1,1,1.0
156,6,0.0,302.0,29.6,55.10000000000002,1,1,1.0
156,7,610.96,230.56,114.20999999999992,70.57999999999998,1,1,1.0
156,8,868.47,419.34,91.52999999999997,77.56,1,1,1.0
156,3,208.0,253.4,94.5,43.74999999999997,1,1,1.0
157,6,0.0,304.0,10.9,53.10000000000002,1,1,1.0
157,7,601.37,231.02,115.27999999999997,70.80999999999997,1,1,1.0
157,8,875.43,415.12,84.57000000000005,76.38999999999999,1,1,1.0
157,3,208.0,253.4,94.5,43.900000000000006,1,1,1.0
158,7,591.78,231.49,116.34000000000003,71.02999999999997,1,1,1.0
158,8,882.4,410.9,77.60000000000002,75.22000000000003,1,1,1.0
158,3,208.0,253.4,94.5,44.04999999999998,1,1,1.0
159,7,582.19,231.96,117.40999999999997,71.24999999999997,1,1,1.0
159,8,888.5,408.08,71.5,73.71000000000004,1,1,1.0
159,3,208.0,253.4,94.5,44.20000000000002,1,1,1.0
160,7,572.6,232.43,118.48000000000002,71.46999999999997,1,1,1.0
160,8,894.6,405.26,65.39999999999998,72.19999999999999,1,1,1.0
160,3,208.0,253.4,94.5,44.349999999999994,1,1,1.0
161,7,561.3,232.94,120.07000000000005,71.88,1,1,1.0
161,8,900.7,402.44,59.299999999999955,70.69,1,1,1.0
161,3,208.0,253.4,94.5,44.49999999999997,1,1,1.0
162,7,550.0,233.46,121.64999999999998,72.28,1,1,1.0
162,8,907.6,399.62,52.39999999999998,69.17000000000002,1,1,1.0
162,3,208.0,253.68,94.5,44.21999999999997,1,1,1.0
163,7,538.7,233.97,123.2299999999999,72.69000000000003,1,1,1.0
163,8,913.13,396.8,46.870000000000005,67.65999999999997,1,1,1.0
163,3,208.0,253.96,94.5,43.93999999999997,1,1,1.0
164,7,527.4,234.49,124.82000000000005,73.08999999999997,1,1,1.0
164,8,918.67,393.98,41.33000000000004,66.14999999999998,1,1,1.0
164,3,208.0,254.24,94.5,43.65999999999997,1,1,1.0
165,7,516.1,235.0,126.39999999999998,73.5,1,1,1.0
165,8,924.2,391.16,35.799999999999955,64.63999999999999,1,1,1.0
165,3,208.0,254.52,94.5,43.37999999999997,1,1,1.0
166,7,504.8,235.52,127.98999999999995,73.9,1,1,1.0
166,8,929.73,388.34,30.269999999999982,63.120000000000005,1,1,1.0
166,3,208.0,254.8,94.5,43.099999999999966,1,1,1.0
167,7,493.5,236.03,129.57000000000005,74.30999999999997,1,1,1.0
167,8,935.27,385.52,24.730000000000018,61.610000000000014,1,1,1.0
167,3,208.0,255.08,94.5,42.819999999999965,1,1,1.0
168,7,482.2,236.55,131.16000000000003,74.70999999999998,1,1,1.0
168,8,940.8,382.7,19.200000000000045,60.10000000000002,1,1,1.0
168,3,208.0,255.36,94.5,42.539999999999964,1,1,1.0
169,7,470.9,237.06,132.74,75.12,1,1,1.0
169,8,945.3,386.1,14.700000000000045,52.599999999999966,1,1,1.0
169,3,208.0,255.64,94.5,42.25999999999999,1,1,1.0
170,7,459.6,237.58,134.32999999999993,75.52000000000001,1,1,1.0
170,8,950.6,393.3,9.399999999999977,41.599999999999966,1,1,1.0
170,3,208.0,255.92,94.5,41.97999999999999,1,1,1.0
171,7,448.08,237.84,134.87000000000006,76.03,1,1,1.0
171,3,208.0,256.2,94.5,41.69999999999999,1,1,1.0
172,7,436.56,238.09,135.42000000000002,76.54999999999998,1,1,1.0
172,3,208.0,256.2,94.0,41.69999999999999,1,1,1.0
173,7,425.04,238.35,135.96999999999997,77.06000000000003,1,1,1.0
173,3,208.0,256.2,93.5,41.69999999999999,1,1,1.0
174,7,413.52,238.61,136.51999999999998,77.57,1,1,1.0
174,3,208.0,256.2,93.69999999999999,41.69999999999999,1,1,1.0
175,7,402.0,238.87,137.07000000000005,78.07999999999998,1,1,1.0
175,3,208.0,256.2,94.80000000000001,41.69999999999999,1,1,1.0
176,7,390.48,239.12,137.62,78.60000000000002,1,1,1.0
176,3,208.0,256.2,94.60000000000002,41.69999999999999,1,1,1.0
177,7,378.96,239.38,138.45999999999998,79.11000000000001,1,1,1.0
177,3,208.0,256.2,94.0,41.69999999999999,1,1,1.0
178,7,367.44,239.64,139.29000000000002,79.62,1,1,1.0
178,3,208.0,256.2,94.69999999999999,41.69999999999999,1,1,1.0
179,7,355.92,239.9,140.13,80.12999999999997,1,1,1.0
179,3,208.0,256.2,94.10000000000002,41.69999999999999,1,1,1.0
180,7,344.4,240.15,140.96000000000004,80.65,1,1,1.0
180,3,208.0,256.2,93.19999999999999,41.69999999999999,1,1,1.0
181,7,333.13,240.67,141.3,81.01000000000002,1,1,1.0
181,3,208.0,256.2,93.30000000000001,41.69999999999999,1,1,1.0
182,7,321.87,241.18,141.63,81.38,1,1,1.0
182,3,208.0,256.2,93.19999999999999,41.69999999999999,1,1,1.0
183,7,310.6,241.7,141.96999999999997,81.74000000000001,1,1,1.0
183,3,208.0,256.2,93.39999999999998,41.69999999999999,1,1,1.0
184,7,299.33,242.21,142.31,82.10999999999999,1,1,1.0
184,3,208.0,256.2,93.80000000000001,41.69999999999999,1,1,1.0
185,7,288.07,242.73,142.64,82.47,1,1,1.0
185,3,208.0,256.2,92.89999999999998,41.69999999999999,1,1,1.0
186,7,276.8,243.25,142.97999999999996,82.82999999999998,1,1,1.0
186,3,208.0,256.2,90.60000000000002,41.69999999999999,1,1,1.0
187,7,264.9,243.76,143.95000000000005,83.19999999999999,1,1,1.0
187,3,208.0,256.2,88.5,41.69999999999999,1,1,1.0
188,7,253.0,244.28,144.92000000000002,83.55999999999997,1,1,1.0
188,3,208.0,256.2,76.80000000000001,41.69999999999999,1,1,1.0
189,7,241.1,244.79,145.89000000000001,83.93000000000004,1,1,1.0
189,3,208.0,256.2,65.10000000000002,41.69999999999999,1,1,1.0
190,7,229.2,245.31,146.86,84.29000000000002,1,1,1.0
190,3,208.0,256.2,53.39999999999998,41.69999999999999,1,1,1.0
